0 2
10 2
10 1
20 1
20 0
30 0
30 1
40 1
40 3
50 3
50 1
60 1
60 2
70 2
70 4
80 4
80 3
90 3
90 4
100 4
100 5
110 5
110 2
120 2
120 4
130 4
130 2
140 2
140 2
150 2
150 2
160 2
160 3
170 3
170 4
180 4
180 2
190 2
190 4
200 4
200 5
210 5
210 5
220 5
220 3
230 3
230 5
240 5
240 3
250 3
250 6
260 6
260 8
270 8
270 7
280 7
280 6
290 6
290 3
300 3
300 6
310 6
310 7
320 7
320 9
330 9
330 7
340 7
340 6
350 6
350 5
360 5
360 5
370 5
370 6
380 6
380 4
390 4
390 6
400 6
400 9
410 9
410 1
420 1
420 7
430 7
430 4
440 4
440 4
450 4
450 9
460 9
460 4
470 4
470 7
480 7
480 8
490 8
490 8
500 8
500 7
510 7
510 10
520 10
520 6
530 6
530 11
540 11
540 8
550 8
550 11
560 11
560 9
570 9
570 12
580 12
580 7
590 7
590 9
600 9
600 6
610 6
610 7
620 7
620 10
630 10
630 6
640 6
640 7
650 7
650 11
660 11
660 12
670 12
670 8
680 8
680 9
690 9
690 9
700 9
700 8
710 8
710 10
720 10
720 7
730 7
730 10
740 10
740 9
750 9
750 10
760 10
760 8
770 8
770 8
780 8
780 9
790 9
790 11
800 11
800 7
810 7
810 8
820 8
820 7
830 7
830 9
840 9
840 11
850 11
850 12
860 12
860 8
870 8
870 10
880 10
880 6
890 6
890 9
900 9
900 8
910 8
910 11
920 11
920 9
930 9
930 9
940 9
940 12
950 12
950 8
960 8
960 9
970 9
970 11
980 11
980 12
990 12
990 8
1000 8
