0 2
10 2
10 1
20 1
20 0
30 0
30 1
40 1
40 3
50 3
50 1
60 1
60 2
70 2
70 4
80 4
80 3
90 3
90 4
100 4
100 5
110 5
110 2
120 2
120 4
130 4
130 2
140 2
140 2
150 2
150 2
160 2
160 3
170 3
170 4
180 4
180 2
190 2
190 4
200 4
200 5
210 5
210 5
220 5
220 3
230 3
230 5
240 5
240 3
250 3
250 2
260 2
260 8
270 8
270 7
280 7
280 6
290 6
290 3
300 3
300 3
310 3
310 7
320 7
320 9
330 9
330 5
340 5
340 6
350 6
350 5
360 5
360 5
370 5
370 6
380 6
380 3
390 3
390 6
400 6
400 4
410 4
410 0
420 0
420 2
430 2
430 0
440 0
440 0
450 0
450 4
460 4
460 0
470 0
470 2
480 2
480 3
490 3
490 3
500 3
500 2
510 2
510 5
520 5
520 1
530 1
530 6
540 6
540 3
550 3
550 6
560 6
560 4
570 4
570 7
580 7
580 2
590 2
590 4
600 4
600 1
610 1
610 2
620 2
620 5
630 5
630 1
640 1
640 2
650 2
650 6
660 6
660 7
670 7
670 3
680 3
680 4
690 4
690 4
700 4
700 3
710 3
710 5
720 5
720 2
730 2
730 5
740 5
740 4
750 4
750 5
760 5
760 3
770 3
770 3
780 3
780 4
790 4
790 6
800 6
800 2
810 2
810 3
820 3
820 2
830 2
830 4
840 4
840 6
850 6
850 7
860 7
860 3
870 3
870 5
880 5
880 1
890 1
890 4
900 4
900 3
910 3
910 6
920 6
920 4
930 4
930 4
940 4
940 7
950 7
950 3
960 3
960 4
970 4
970 6
980 6
980 7
990 7
990 3
1000 3
