0 5
10 5
10 4
20 4
20 2
30 2
30 4
40 4
40 6
50 6
50 4
60 4
60 5
70 5
70 7
80 7
80 6
90 6
90 7
100 7
100 8
110 8
110 5
120 5
120 7
130 7
130 5
140 5
140 5
150 5
150 5
160 5
160 6
170 6
170 7
180 7
180 5
190 5
190 7
200 7
200 8
210 8
210 8
220 8
220 6
230 6
230 8
240 8
240 6
250 6
250 9
260 9
260 11
270 11
270 10
280 10
280 9
290 9
290 6
300 6
300 9
310 9
310 10
320 10
320 12
330 12
330 10
340 10
340 9
350 9
350 8
360 8
360 8
370 8
370 9
380 9
380 7
390 7
390 9
400 9
400 12
410 12
410 4
420 4
420 10
430 10
430 7
440 7
440 7
450 7
450 12
460 12
460 7
470 7
470 10
480 10
480 11
490 11
490 11
500 11
500 10
510 10
510 13
520 13
520 9
530 9
530 14
540 14
540 11
550 11
550 14
560 14
560 12
570 12
570 15
580 15
580 10
590 10
590 12
600 12
600 9
610 9
610 10
620 10
620 13
630 13
630 9
640 9
640 10
650 10
650 14
660 14
660 15
670 15
670 11
680 11
680 12
690 12
690 12
700 12
700 11
710 11
710 13
720 13
720 10
730 10
730 13
740 13
740 12
750 12
750 13
760 13
760 11
770 11
770 11
780 11
780 12
790 12
790 14
800 14
800 10
810 10
810 11
820 11
820 10
830 10
830 12
840 12
840 14
850 14
850 15
860 15
860 11
870 11
870 13
880 13
880 9
890 9
890 12
900 12
900 11
910 11
910 14
920 14
920 12
930 12
930 12
940 12
940 15
950 15
950 11
960 11
960 12
970 12
970 14
980 14
980 15
990 15
990 11
1000 11
